0000110011101111
0000000000010000
0000000000000000
0000000000000000
0000000000000000
0011111100000000
0000111001001100
0000111100101010
0000000000000000
0000000000000000
0000000000000000
0000000000000000
0000000000000000
0000000000000000
0000000000000000
0000000000000000
0000000000000000
0000000000000000
0000000000000000
0000000000000000
0000000000000000
0000000000000000
0000000000000000
0001101000001110
0001100111011000
0000100101111010
0000100110001110
0001100110100110
0000110000001000
0000110011110100
0001010000000000
0001010010000010
0001010010101010
0001010100010110
0000000000000000
0000000000000000
0000000000000000
0000000000000000
0000000000000000
0000000000000000
0000000000000000
0000000000000000
0000000000000000
0000000000000000
0000000000000000
0000000000000000
0000000000000000
0000000000000000
0000000000000000
0000000000000000
0000000000000000
0000000000000000
0000000000000000
0000000000000000
0000000000000000
0000000000000000
0000000000000000
0000000000000000
0000000000000000
0000000000000000
0000000000000000
0000000000000000
0000000000000000
0000000000000000
0110000000000011
0110000000000011
0110000000000011
0110000000000011
0110000000000011
0110000000000011
0110000000000011
0110000000000011
0110000000000011
0110000000000011
0110000000000011
0110000000000011
0110000000000011
0110000000000011
0110000000000011
0111000100001100
0110000000000001
0110000000000001
0110000000000001
0110000000000001
0110000000000001
0110000000000001
0110000000000001
0110000000000001
0110000000000001
0110000000000001
0110000000000001
0110000000000001
0110000000000001
0110000000000001
0110000000000001
0111000000001100
0110000100000000
0111000000001100
0100000001001110
0000000001011110
0100000001001101
0000000001011101
0100000001001100
0000000001011100
0100000001001011
0000000001011011
0100000001001010
0000000001011010
0100000001001001
0000000001011001
0100000001001000
0000000001011000
0100000001000111
0000000001010111
0100000001000110
0000000001010110
0100000001000101
0000000001010101
0100000001000100
0000000001010100
0100000001000011
0000000001010011
0100000001000010
0000000001010010
0100000001000001
0000000001010001
0100000001000000
0000000001010000
0111000000001100
0000000000000000
0000000000000000
0000000000000000
0000000000000000
0000000000000000
0000000000000000
0000000000000000
0000000000000000
0000000000000000
0000000000000000
0000000000000000
0000000000000000
0000000000000000
0000000000000000
0000000000000000
0000000000000000
0000000000000000
0000000000000000
0000000000000000
0000000000000000
0000000000000000
0000000000000000
0000000000000000
0000000000000000
0000000000000000
0000000000000000
0000000000000000
0000000000000000
0000000000000000
0000000000000000
0000000000000000
0000000000000000
0000000000000000
0000000000000000
0000000000000000
0000000000000000
0000000000000000
0000000000000000
0000000000000000
0000000000000000
0000000000000000
0000000000000000
0000000000000000
0000000000000000
0000000000000000
0000000000000000
0000000000000000
0000000000000000
0000000000000000
0000000000000000
0000000000000000
0000000000000000
0000000000000000
0000000000000000
0000000000000000
0000000000000000
0000000000000000
0000000000000000
0000000000000000
0000000000000000
0000000000000000
0000000000000000
0000000000000000
0000000000000000
0110111000000100
0110111101101111
0000000001110000
0111000000001100
0000000110000010
0010101100000001
0111001000001111
0000000110001100
0111100000000011
0111001001101111
0111010100001111
0000000110010010
0110000100000011
0110010001101110
0111001100001111
0000000110011010
0110111100000010
0000000001110010
0111010000001111
0000000110100010
0110100100000110
0111011001101110
0111001001100101
0000000001110100
0111011000001100
0000000110101010
0011110100000001
0111011100001111
0000000110110110
0011110000000001
0111100000001111
0000000110111100
0111010100000010
0000000000111100
0111111100001111
0000000111000010
0111001100000100
0110000101110111
0000000001110000
0111000110001100
0000000111001010
0111010100000010
0000000000111110
0110000110000000
0111111100001111
0000000111010100
0110010000000011
0111000001110101
0111000010001101
0000000111011110
0110010000000100
0110111101110010
0000000001110000
0111000100001111
0000000111100110
0110111100000100
0110010101110110
0000000001110010
0111000110001101
0000000111110000
0110111000000011
0111000001101001
0111000000001111
0000000111111010
0110110000000110
0110100001110011
0110011001101001
0000000001110100
0111110100001111
0000001000000010
0111001000000110
0110100001110011
0110011001101001
0000000001110100
0111100100001111
0000001000001110
0011000100000010
0000000000101101
0111101000001100
0000001000011010
0011111001000010
0000000001110010
0110101110001101
0110000110000000
0110000101000111
0110000101000111
0111000000001100
0000001000100010
0111001001000010
0000000000111110
0110101110001101
0110101110001101
0110000110000000
0110000101000111
0111000000001100
0000001000110010
0111001001000010
0000000001000000
0110101110001101
0110101110001101
0110000010000001
0110000101000111
0110000110000000
0110000101000111
0111000000001100
0000001001000010
0100000000000001
0111110000001100
0000001001010110
0010000100000001
0110000000100011
0111000100001111
0000001001011100
0011110000000010
0000000000111110
0110011100000011
0111011000001100
0000001001100100
0011000000000010
0000000000111100
1000000000000000
0111100000001111
0000001001101110
0011000000000010
0000000000111101
1000000000000000
0111011100001111
0000001001111000
0011111000000001
0110000110000000
0111100000001111
0000001010000010
0011000000000010
0000000000111110
1000000000000000
0110000110000000
0111100000001111
0000001010001010
0011111000000010
0000000000111101
0110100000000011
0111011000001100
0000001010010110
0111010000000100
0110001101110101
0000000001101011
0110000110000000
0111000110001101
0000001010100000
0010110100000100
0110111101110010
0000000001110100
0110000110000000
0110000101000111
0110000110000000
0110101110001101
0111000000001100
0000001010101100
0011001000000010
0000000000101111
1000000000000001
0111100100001111
0000001010111110
0011001000000010
0000000000101010
1000000000000001
0111110100001111
0000001011001000
0011000100000010
0000000000101011
1000000000000001
0111001000001111
0000001011010010
0111001100000011
0100000001110000
0110111010000001
1000000011111111
0111001100001111
0000001011011100
0110010100000111
0110010101111000
0111010101100011
0110010101110100
0110000101000111
0111000000001100
0000001011101000
0110001000000011
0110010101111001
1000111111111101
0110011000000000
0110000000100011
0111000100001111
0000001011110110
0110001100000010
0000000001000000
0110000010000001
0110110000000000
0110000110000000
1000000000000001
0110001100000011
0010000110001101
1000000000001000
0110100100000011
0000000110001111
1000000011111111
0111001100001111
0111000000001100
0000001100000100
0110001100000010
0000000000100001
0110000110000000
1000000011111111
0110001100000011
0110000010000001
1000000000001000
0110110100000011
0110010000000011
0110000110000000
0100000101010011
0110000010000001
0110110000000000
0110000110000000
1000000000000001
0110001100000011
1000000000000000
0110011100000011
1000000011111111
0110010100000011
0110000101000111
0110000110000001
0110010100000011
0110101110001101
0110001100000011
0110010100000011
0110000110000000
0110000000100011
0111000100001111
0000001100100010
0111010100000011
0010101101101101
0110000110000001
0110000110000001
0110001000000011
0110000101000111
0110101110000001
1000000000000000
0100000101001101
0110000101000111
0110000110000001
0110000110000001
0110001100000011
0100000100111001
0110101110001101
0110010000000011
0110000101000111
0110010000000011
0100000100111001
0110101110001101
0110001100000011
0110011000000000
0100000101101011
0110101110001101
0111000110001100
0000001101011110
0110010001000101
0111011001101111
0111001001100001
0110101110001101
0111000000001100
0000001110010010
0111010100000010
0000000001110000
0100000111001100
0011111010000000
0111000000001100
0000001110011110
0110010001000110
0111010101101111
0110010101110011
0000000001110010
0100000111010001
0110110000000000
0110101110001101
0110110000000000
0111001000001111
0000001110101010
0110001000000100
0111001101100001
0000000001100101
1011111010000000
0111000000001100
0000001110111110
0111010000000100
0110110101100101
0000000001110000
1011111010000010
0111000000001100
0000001111001010
0011111000000011
0110111001101001
1011111010000100
0111000000001100
0000001111010110
0010001100000100
0110100101110100
0000000001100010
1011111010000110
0111000000001100
0000001111100000
0111010000000011
0110001001101001
1011111010001000
0111000000001100
0000001111101100
0010011100000101
0111011001100101
0110110001100001
1011111010001010
0111000000001100
0000001111110110
0010011100000110
0110001001100001
0111001001101111
0000000001110100
1011111010001100
0111000000001100
0000010000000010
0110100000000011
0110010001101100
1011111010001110
0111000000001100
0000010000010000
0110001100000111
0110111001101111
0110010101110100
0111010001111000
1011111010010000
0111000000001100
0000010000011010
0110011000001110
0111001001101111
0110100001110100
0111011100101101
0111001001101111
0110110001100100
0111001101101001
0000000001110100
1011111010100010
0111000000001100
0000010000101000
0110001100000111
0111001001110101
0110010101110010
0111010001101110
1011111010101000
0111000000001100
0000010000111110
0110010000000010
0000000001110000
1011111010101100
0111000000001100
0000010001001100
0110110000000100
0111001101100001
0000000001110100
1011111010101110
0111000000001100
0000010001010110
0010011100000101
0110101100111111
0111100101100101
1011111010110000
0111000000001100
0000010001100010
0010011100000101
0110110101100101
0111010001101001
1011111010110010
0111000000001100
0000010001101110
0010011100000101
0110111101100010
0111010001101111
1011111010110100
0111000000001100
0000010001111010
0010011100000010
0000000001011100
1011111010110110
0111000000001100
0000010010000110
0010011100000110
0110000101101110
0110010101101101
0000000000111111
1011111010111000
0111000000001100
0000010010010000
0010011100000100
0010110000100100
0000000001101110
1011111010111010
0111000000001100
0000010010011110
0010011100000110
0111011001101111
0111001001100101
0000000001110100
1011111010111100
0111000000001100
0000010010101010
0010011100000010
0000000000111011
1011111010111110
0111000000001100
0000010010111000
0010011100000111
0111001001100011
0110000101100101
0110010101110100
1011111011000000
0111000000001100
0000010011000010
0011111100000100
0111010101100100
0000000001110000
0110000010000001
0010001001101110
0111000010001101
0111000000001100
0000010011010000
0111001000000011
0111010001101111
0110000101000111
0110000110000000
0110101110001101
0111000110001100
0000010011100000
0011001000000101
0111001001100100
0111000001101111
0110000100000011
0111000100001111
0000010011101110
0011001000000100
0111010101100100
0000000001110000
0110000110000001
0111000110001101
0000010011111010
0110111000000110
0110011101100101
0111010001100001
0000000001100101
0110011000000000
0000000101101011
0000010100000110
0110010000000111
0110010101101110
0110000101100111
0110010101110100
0110011000000000
0110000101000111
0110011000000000
1000000000000001
0100000110110001
0110101110001101
0111001000001111
0000010100010100
0010110100000001
0100001010000111
0111001000001111
0000010100101100
0110000100000011
0111001101100010
0110000010000001
0100000100111001
0010001010100000
0000001010000111
0111000000001100
0000010100110100
0110110100000011
0111100001100001
0100001010000000
0100000101000010
0010001010101000
0111000100001111
0111000000001111
0000010101000100
0110110100000011
0110111001101001
0100001010000000
0110100000000011
0010001010110000
0111000100001111
0111000000001111
0000010101010100
0111011100000110
0111010001101001
0110100101101000
0000000001101110
0110000110000001
0100001010010111
0110000101000111
0100001010010111
0110101110001101
0111111100001111
0000010101100100
0111010100000110
0010111101101101
0110111101101101
0000000001100100
0100001010000000
0110111100000011
0010001011101010
0100001010000111
1000000000001111
0110000101000111
0110000101000111
0110000010000001
0100000110110001
0110000101000111
0110000101000111
0110000010000001
0100000110110001
0110101110001101
0110001000000011
0110000010000001
0110101110001101
0110101110000001
0110000110000000
0110000101000111
0100000110110001
0110101110001101
0110010000000011
0010001011011110
0110000101000111
0110000100000011
0100000101101011
0110101110001101
0000001011011111
0110000100000011
0110101110001101
0110101110000001
0010001011100110
0110101110001101
0110101000000000
0110000101000111
0000001011000111
0110101110001101
0110000100000011
0110000100000011
0111000110001100
0110000100000011
0100001001111010
1000000000000000
0110011000000000
0111000010001101
0000010101111010
0110110100000101
0110110100101111
0110010001101111
0110000010000001
0100000100111001
0110000010000001
0110000101000111
0010001011111100
0100001010000111
0110000101000111
0100001010001110
0110101110001101
0110000101000111
0110000010000001
0100000100111001
0010001100000010
0110101110000001
0110001000000011
0110101110001101
0100001011000001
0110101110001101
0010001100001001
0110000110000000
0100001010000111
0111000110001100
0111000000001100
0000010111100000
0010111100000100
0110111101101101
0000000001100100
0110000110000001
0100000100111001
0110000110000000
0000001011110011
0000011000010110
0110110100000011
0110010001101111
0100001100001110
0111000100001111
0000011000100110
0010111100000001
0100001100001110
0111000000001111
0000011000110000
0111010100000011
0010101001101101
1000000000000000
0110000110000000
1000000000001111
0110000101000111
0110000010000001
0100000110110001
0110000101000111
0110000101000111
0110000010000001
0100000110110001
0110101110001101
0110001000000011
0110101110001101
0010001100110001
0110000101000111
0110000110000001
0100000110110001
0110101110001101
0110001000000011
0110101110000001
0010001100110111
0110101110001101
0110101000000000
0110000101000111
0000001100100010
0110101110001101
0110000100000011
0100001001110010
0111000100001111
0000011000111000
0010101000000001
0100001100011110
0111000100001111
0000011001111000
0110110100000010
0000000000101010
0100001010000000
0110010100000011
0100000100111001
0110000101000111
0100001010011100
0110000110000000
0100001010011100
0100001100011110
0110101110001101
0010001101001101
0000001010001110
0111000000001100
0000011010000000
0010101000000101
0110110100101111
0110010001101111
0110000101000111
0100001101000010
0110101110001101
0000001011110011
0000011010011110
0010101000000010
0000000000101111
0100001101010010
0111000000001111
0000011010101110
0110001100000101
0110110001100101
0010101101101100
1000000000000010
0111001000001111
0000011010111000
0110001100000101
0110110001100101
0010110101101100
1000000000000010
0000001010010111
0000011011000100
0110001100000101
0110110001100101
0111001101101100
1000000000000001
0111110100001111
0000011011010000
0110001000000010
0000000001101100
1000000000100000
0111000000001100
0000011011011100
0011111000000101
0110100001100011
0111001001100001
1000000001111111
0110001100000011
0110000010000001
1000000001111111
0100001101110000
0100001010110110
0010001101111111
0110000100000011
1000000001011111
0111000000001100
0111000000001100
0000011011100110
0010101100000010
0000000000100001
0100000101010011
0110110000000000
0110001000000011
0110000110000000
0110000000100011
0111000100001111
0000011100000100
0011001000000010
0000000000100001
0110000110000000
0110000110000001
0110000000100011
0110000100000011
0100001101011111
0110000000100011
0111000100001111
0000011100010110
0011001000000010
0000000001000000
0110000010000001
0100001101011111
0110110000000000
0110000110000000
0111110000001100
0000011100101010
0110001100000101
0111010101101111
0111010001101110
0110000010000001
0100000101101011
0110000110000000
0000000110000100
0000011100111010
0110100000000100
0111001001100101
0000000001100101
1011111010101100
0111110000001100
0000011101001010
0110000100000111
0110100101101100
0110111001100111
0110010001100101
0110000010000001
1000000000000000
1000000000000010
0100001011000001
0110000100000011
0110000010000001
0010001110111001
1000000000000010
0110000110000000
0100001010010111
0111001000001111
0000011101010110
0110000100000101
0110100101101100
0110111001100111
0100001110101000
0100001110101111
1011111010101100
0110000000100011
0111000100001111
0000011101110110
0111000000000011
0110010001100001
0100001110101000
1000000001010000
0110001000000011
0000001110101111
0000011110001000
0100000000001000
0111100001100101
0110001101100101
0111010001110101
0000000001100101
0110110000000000
0100001001101011
0010001111010100
0000000101111000
0111000000001100
0000011110010110
0110011000000100
0110110001101001
0000000001101100
0110000110000000
0110000101000111
0110000110000000
0000001111100000
0100001010000000
0100000110010011
0100000101101011
0110101110000001
0010001111100110
0110101110001101
0110101000000000
0110000101000111
0000001111011101
0110101110001101
0110000100000011
0000001001111010
0000011110101100
0110010100000101
0110000101110010
0110010101110011
1000000000000000
0000001111011001
0000011111010100
0110010000000101
0110011101101001
0111010001101001
1000000000001001
0110000110000001
0110100000000011
1000000000000111
0110001100000011
0110001000000011
1000000000110000
0111001000001111
0000011111100000
0110010100000111
0111010001111000
0110000101110010
0111010001100011
1000000000000000
0110000110000000
0100001011000001
0110000110000000
0000001111110011
0000011111111000
0011110000000010
0000000000100011
0100001111000110
1011111010001110
0110000000100011
0111000100001111
0000100000001100
0110100000000100
0110110001101111
0000000001100100
1011111010001110
0110110000000000
0110101000000000
0110000010000001
1011111010001110
0110000000100011
0110000100000011
0000000110010011
0000100000011010
0010001100000001
1011111010000000
0110110000000000
0100010000000000
0000010000010000
0000100000110010
0010001100000010
0000000001110011
0100010000011010
0110000010000001
0010010000100101
0000010000100001
0111000000001100
0000100000111110
0111001100000100
0110011101101001
0000000001101110
0100000100111001
0010010000101110
1000000000101101
0000010000010000
0111000000001100
0000100001001110
0010001100000010
0000000000111110
0110000100000011
1011111010001110
0110110000000000
0100001111000110
0110000110000001
0000001010010111
0000100001100000
0111001100000011
0111001001110100
0110000010000001
0110000101000111
0100001010011100
0100010000001000
0100010000100001
0110101110001101
0100010000101010
0000010000110010
0000100001110010
0110100000000011
0111100001100101
1000000000010000
1011111010000000
0110000000100011
0111000100001111
0000100010001000
0110010000000111
0110001101100101
0110110101101001
0110110001100001
1000000000001010
1011111010000000
0110000000100011
0111000100001111
0000100010010110
0110010000000110
0110011101101001
0111010001101001
0000000000111111
0110000101000111
1000000000110000
0100001010010111
1000000000001001
0110000110000001
0110100000000011
0010010001101011
0110000010000001
1000000000100000
0100000101000010
0010010001100101
1000000000100000
0100001010010111
1000000000000111
0100001010010111
0110000010000001
1000000000001010
0110100000000011
0110010000000011
0110000010000001
0110101110001101
0111111100001111
0000100010101000
0110111000000111
0110110101110101
0110010101100010
0011111101110010
1011111010000000
0110110000000000
0110000101000111
1000000000000000
0110000110000001
0100001110100000
0110000110000001
0100000110000100
1000000000100100
0110011100000011
0010010010000011
0100010001000110
0110000110000000
0100000101101011
0110000110000000
0110101000000000
0110000110000001
0100000110000100
1000000000101101
0110011100000011
0110000101000111
0110000110000000
0110101110000001
0100001010010111
0110000110000000
0110101110000001
0110001000000011
0100001001101011
0010010010110100
0110101000000000
0110000101000111
0110000010000001
0110000101000111
0100000110000100
1011111010000000
0110110000000000
0100010001011000
0010010010101110
0110000110000000
1011111010000000
0110110000000000
0100001100111101
0110001000000011
0110101110001101
0100000101101011
0110101110000001
0010010010100110
0110101110001101
0110101000000000
0110000101000111
0000010010010010
0110101110001101
0110000100000011
0110101110000001
0110000000000011
0010010010101100
0100001010000111
0110000110000000
0000010010110011
0110101110001101
0110101110001101
0100001001111010
0100001001111010
1000000000000000
0110000010000001
0110101110001101
0100001001111010
0110101110001101
1011111010000000
0110000000100011
0111000100001111
0000100011011110
0011111100000011
0111100001110010
1000111111111110
0110011000000000
0110110000000000
1000000000000001
0110001100000011
0100000100111110
0111011000001100
0000100101110110
0111010000000011
0010000101111000
1000111111111110
0110011000000000
0110110000000000
1000000000000010
0110001100000011
0100000100111110
0010010011000111
1000111111111111
0110011000000000
0110000000100011
0111000100001111
0000100110001010
0011111100000100
0110010101101011
0000000001111001
1011111010110000
0000001111010000
0000100110100110
0110010100000100
0110100101101101
0000000001110100
1011111010110010
0000001111010000
0000100110110010
0110101100000011
0111100101100101
0100010011010110
0010010011100001
1000111111111111
0110011000000000
0111110000001100
0000100110111110
0110111000000100
0110011001110101
0000000000111111
0100010011010110
0110000010000001
0010010011110001
0110000100000011
0100010011100001
1000000000001101
0111011100001111
0111000000001100
0000100111001110
0111001100000101
0110000101110000
0110010101100011
0100001101110000
0000010011011100
0000100111100110
0111001100000110
0110000101110000
0110010101100011
0000000001110011
1000000000000000
0100001010100100
0110000101000111
0000010100000010
0100010011110110
0110101110000001
0010010100001000
0110101110001101
0110101000000000
0110000101000111
0000010100000001
0110101110001101
0111000100001111
0000100111110010
0111010000000100
0111000001111001
0000000001100101
0110000101000111
0000010100010010
0100001110100000
0100010011011100
0110101110000001
0010010100011000
0110101110001101
0110101000000000
0110000101000111
0000010100010000
0110101110001101
0110000100000011
0111000100001111
0000101000010110
0110001100000010
0000000001110010
1000000000001101
0100010011011100
1000000000001010
0000010011011100
0000101000111000
0110010001000011
0010010001101111
0110101110001101
0110101110000001
0110101110001101
0100001110100000
0110001000000011
0100001110101111
0110000101000111
0110000110000000
0110000101000111
0111000000001100
0000101001000110
0010010001000011
0111110000100010
0100010100100101
0111000000001100
0000101001100000
0010111000000010
0000000000100100
0100001110100000
0000010100001110
0000101001101010
0010111001000011
0111110000100010
0100010100100101
0000010100110111
0000101001110100
0010111000000010
0000000001110010
0110000101000111
0100010000111011
0110101110001101
0110000110000001
0100001010010111
0100010011111101
0000010100001110
0000101001111110
0111010100000011
0111001000101110
0110000101000111
0100010000001000
0100010000100001
0100010000110010
0110101110001101
0110000110000001
0100001010010111
0100010011111101
0000010100001110
0000101010010010
0111010100000010
0000000000101110
0100010000001000
0100010000100001
0100010000110010
0100010011110110
0000010100001110
0000101010101010
0010111000000001
1011111010000000
0110110000000000
1000000000001010
0110010100000011
0010010101100100
0000010101010111
0100010000111011
0100010011110110
0000010100001110
0000101010111010
0110001100000101
0110111101101101
0110010101110110
0110000101000111
0000010101110101
0110000101000111
0110000010000001
0100000110000100
0110101110000001
0100000110010011
0100000101101011
0110101110001101
0100000101101011
0110101110000001
0010010101111011
0110101110001101
0110101000000000
0110000101000111
0000010101101101
0110101110001101
0110000100000011
0000001001111010
0000101011010000
0111000000000101
0110001101100001
0010010001101011
0110000010000001
0110000101000111
0100001010000000
0110000000100011
0110000100000011
0100000101101011
0110000110000000
0100010101101011
0110101110001101
0111000000001100
0000101011111110
0011111100000001
0110110000000000
0000010101011110
0000101100011010
0010100000000111
0110000101110000
0111001101110010
0010100101100101
1011111010000010
0110000000100011
0110000100000011
0110000110000001
0110000101000111
0110000010000001
0010010111100000
0110101000000000
1011111010000010
0110110000000000
0100001101110000
0110011100000011
0010010110111100
0110000101000111
0100001110100000
1011111010000010
0110110000000000
0110000110000000
0100001010010111
0100000100111001
0110011000000000
0110101110000001
0100000101000111
0110001100000011
0010010110111010
0110101110000001
0010010110110100
0110101110001101
0110101000000000
0110000101000111
0000010110100011
0110101110001101
0110000100000011
0110101110001101
0110000100000011
1000000000000000
0111000010001101
0110101000000000
0110101110001101
0110000110000001
0110000110000000
0110000101000111
0100001110100000
1011111010000010
0110110000000000
0110000110000000
0100001010010111
1011111010000010
0110110000000000
0100001101110000
0110011100000011
0010010111001010
0100000100111001
0010010111010110
0110101110000001
0010010111010001
0110101110001101
0110101000000000
0110000101000111
0000010110111111
0110101110001101
0110000100000011
0110000010000001
0110000101000111
0000010111011011
0110101110001101
0110000100000011
0110000010000001
0110000101000111
0110101000000000
0110000110000001
0100001010010111
0110101110001101
0110101110001101
0000001010010111
0110000110000001
0110101110001101
0000001010010111
0000101100100010
0111000000000101
0111001001100001
0110010101110011
0110000101000111
1011111010001000
0110110000000000
1011111010000100
0110110000000000
0110001000000011
1011111010000110
0110110000000000
1011111010000100
0110110000000000
0100001010010111
0110101110001101
0100010110010101
1011111010000100
0000001110000100
0000101111001000
0010111010000010
0000000000101000
1000000000101001
0100010111100111
0000010100001110
0000101111101110
0010100010000001
1000000000101001
0100010111100111
0000001001111010
0000101111111010
0011110010000011
0011111001011100
1011111010000110
0110110000000000
1011111010000100
0110000000100011
0111000100001111
0000110000000100
0101110010000001
1011111010110110
0000001111010000
0000110000010100
0111011100000100
0111001001101111
0000000001100100
0100010111100111
0100001110101000
0100001101011111
0000010110000010
0000110000011100
0111010000000101
0110101101101111
0110111001100101
0100001101110000
0000011000010001
0000110000101100
0110111000000101
0110110101100001
0011111001100101
0100001110100000
1000000000011111
0110001100000011
0110001000000011
0000001110101111
0000110000111000
0111001100000101
0110110101100001
0011111101100101
0110101000000000
0110000101000111
0000011000111000
0110000110000001
0110101110000001
0110001000000011
0100000110000100
0110000110000001
0110101110000001
0110001000000011
0100000110000100
0100001010010111
0100001001101011
0010011000111000
0110101110001101
0111000100001111
0110101110000001
0010011000111110
0110101110001101
0110101000000000
0110000101000111
0000011000101011
0110101110001101
0110000100000011
1000000000000000
0111000000001100
0000110001001010
0110011000000100
0110111001101001
0000000001100100
0110000110000000
0110000010000001
0100000110000100
1011111010000010
0110000000100011
0110000100000011
0110000010000001
0110110000000000
0110000101000111
0100001101011111
0110000110000000
0110110000000000
0110000010000001
0010011001100100
0110000010000001
0110110000000000
1111111100011111
0110001100000011
0110101110000001
0110010100000011
0010011001011111
0100001101011111
1000000000000000
0110011000000000
0000011001100011
0100001101011111
1011111010000010
0110110000000000
0100011000101000
0000011001101001
0110101110001101
0110000100000011
0110000110000000
0100001101100101
0111000110001100
0010011001101110
1000000000000010
0100001101101011
0100001010010111
0000011001010001
0110101110001101
0110000100000011
0110000000000011
0100001101100101
0110000010000001
0100011000011111
0111000110001100
0000110010000110
0011110000000111
0110000101101110
0110010101101101
0011111000111111
1011111010010000
0110000010000001
0100001110010111
0110010100000011
0010011010000000
0100001101100101
0110000101000111
0110101110001101
0100001101011111
0110000010000001
0110000101000111
0110110000000000
0100001001101011
0010011010001101
0100011001000110
0100001001101011
0010011010000001
0110101110001101
0111000100001111
0110101110001101
0110000100000011
1000000000000000
0111000000001100
0000110011101100
0110111000000101
0110110101100001
0011111101100101
1011111010111000
0000001111010000
0000110100100100
0101111000000010
0000000001101000
0110000101000111
0110000110000001
0110101110000001
0110100000000011
0110000010000001
0010011010100101
1000000000001000
0110000010000001
0100010011011100
0100010011110110
0100010011011100
0110101110001101
0111001000001111
0000110100110000
0111010000000011
0111000001100001
0110000010000001
0100010011011100
0110000110000001
0100000110010011
0000000101101011
0000110101010000
0110101100000100
0110000101110100
0000000001110000
0110000010000001
1000000000001101
0110010100000011
0010011010111101
1000000000001000
0110010100000011
0010011010111100
0100001101110000
0000011010101010
0000011010011010
0110000100000011
0110000000000011
0111000010001101
0000110101100000
0110000100000110
0110001101100011
0111000001100101
0000000001110100
0110000110000001
0110001000000011
0110000110000001
0100001010000000
0110010100000011
0010011011010110
0100010011100001
0110000010000001
0100001101110000
0100001010010111
1000000001111111
0110111100000011
0010011011010100
0100011010101010
0000011011010101
0100011010110011
0000011011001000
0110000100000011
0110000110000001
0000001010010111
0000110110000010
0111000100000101
0110010101110101
0111100101110010
1011111010001000
0110110000000000
1000000001010000
0100011011000101
1011111010000110
0110000000100011
0110000100000011
0110000100000011
1000000000000000
1011111010000100
0110000000100011
0111000100001111
0000110110110100
0110000100000110
0110111101100010
0111010001110010
0000000000110010
0100010100100101
0111000100001111
0000110111010100
0110000100000110
0110111101100010
0111010001110010
0000000000110001
0100010011110110
0100010100110111
1000000000111111
0100010011011100
0100010100011110
1011111010001100
0100001111010000
0000011011101110
0000110111100010
0011110001001001
0110000100111111
0110111101100010
0111010001110010
0011111000100010
0010011100000110
0100010100100101
0000011011110101
0000011011101110
0000110111111100
0110011000000110
0111001001101111
0110010101100111
0000000001110100
0100011000011001
0100011010010101
0100001001101011
0010011100011110
0100001101100101
0110000010000001
1011111010101100
0110000000100011
0110000100000011
0110110000000000
0110000010000001
1011111010010000
0110000000100011
0110000100000011
1011111010101110
0110000000100011
0110000100000011
0111000100001111
0000011011110101
0000111000010000
0010010000001010
0110111001101001
0110010101110100
0111000001110010
0110010101110010
0000000001110100
0100011010010101
0100001001101011
0010011100110110
0110110000000000
1000000001000000
0110001100000011
0100011100000011
0110001100001100
0110110101101111
0110100101110000
0110010101101100
0110111100101101
0110110001101110
0000000001111001
0000000101111000
0000011100111010
0100010001110011
0010011100111001
0111000000001100
0000011011110101
0000111001000000
0101101110000001
1000111001001100
1011111010001010
0110000000100011
0111000100001111
0000111001110110
0010111000000011
0110101101101111
1000111001001100
1011111010001010
0110110000000000
0110011100000011
0010011101001011
0100010100111100
0010000000000011
0110101101101111
0000010100011110
0000111010000010
0110010100000100
0110000101110110
0000000001101100
0100011000011001
0110000010000001
0100000110000100
0010011101010111
1011111010001010
0100001111010000
0000011101010000
0110000100000011
0000011101000011
0000111010011010
0010010001000101
0111011001100101
0110110001100001
1011111010000100
0110110000000000
0110000101000111
1011111010000110
0110110000000000
0110000101000111
1011111010001000
0110110000000000
0110000101000111
1011111010000100
1000000000000000
0110000110000000
0110000000100011
0110000100000011
1011111010000110
0110000000100011
0110000100000011
1011111010001000
0110000000100011
0110000100000011
0100011101010000
0110101110001101
1011111010001000
0110000000100011
0110000100000011
0110101110001101
1011111010000110
0110000000100011
0110000100000011
0110101110001101
1011111010000100
0110000000100011
0111000100001111
0000111010110100
0111000000000110
0110010101110010
0110010101110011
0000000001110100
1011111100000000
1011111010000110
0100001101011111
0110000000100011
0111000100001111
0000111011111110
0111000100000100
0110100101110101
0000000001110100
0100011100111100
0100011011011101
0100011101010000
0000011110001101
0111000000001100
0000111100010010
0110000100000101
0110111101100010
0111010001110010
0110000100000011
0100011110000011
0100011101000011
0000011110001100
0000111100100100
0010011100000001
0100011000011001
0100011010010101
0010011110011111
0111000000001100
0000011011110101
0000111100110100
0110000100000101
0110110001101100
0111010001101111
0100001110101111
1011111010101100
0000001110000100
0000111101000010
0010110000000001
0100001110101000
0110000010000001
0100001101011111
1011111010101100
0110000000100011
0110000100000011
0110000000100011
0111000100001111
0000111101010000
0110001101000101
0110110001100001
0010110001101100
1000000000000001
0110100100000011
1100000000000000
0110010000000011
0000011110101001
0000111101100100
0011111101000111
0111001001100010
0110111001100001
0110100001100011
1000000000000001
0110100100000011
1010000000000000
0110010000000011
0000011110101001
0000111101110110
0110001001000110
0110000101110010
0110001101101110
0000000001101000
1000000000000001
0110100100000011
1000000000000000
0110010000000011
0000011110101001
0000111110001010
0101101110001001
0110111101100011
0111000001101101
0110110001101001
0101110101100101
0100011110011011
0000011110110101
0000111110011110
0110001101000111
0110110101101111
0110100101110000
0110010101101100
0110101110001101
0110000010000001
0110110000000000
0100011110101001
0100001101011111
0110000101000111
0111000000001100
0000111110101110
0111001010000111
0110001101100101
0111001001110101
0110010101110011
1011111010101110
0110110000000000
0100011000011111
0000011110110101
0000111111000110
0111000000000100
0110001101101001
0000000001101011
0110000010000001
0100000101100110
0100000101100110
1000000011000000
0110001000000011
0110000101000111
0111000000001100
0000111111011000
0110110010000111
0111010001101001
0111001001100101
0110110001100001
0110000010000001
1111111111111111
0110011000000000
0110001100000011
0010100000000111
1000000000000000
0110011000000000
0110010100000011
0100011111111011
0100011111011011
0110011000000000
0000100000001011
1111111111111111
0110011000000000
0110010000000011
0000011110101001
0111000000001100
0000111111101110
0101101110000011
0101110100100111
0100011110011011
0000011111111011
0001000000011010
0010010000000011
0010001000101100
1000000000100010
0100010111100111
0100001110101000
0100010110000010
0100001110100000
0110001000000011
0100001110101111
1011111010101100
0110000000100011
0111000100001111
0001000000100100
0110011011000011
0111001001101111
0100011111011011
0100000100010011
0000001110101000
0001000000111110
0110001011000101
0110011101100101
0110111001101001
0000001110101000
0001000001001010
0010100001000110
0110010101101110
0111010001111000
0000000000101001
0110101110001101
0110101110001101
0100001001101011
0010100000110111
0110101000000000
0110000101000111
0110110000000000
0110000101000111
0111000000001100
0100001101011111
0110000101000111
0111000000001100
0001000001010100
0110111011000100
0111100001100101
0000000001110100
0100011111011011
0100100000101110
0000011110101001
0001000001110110
0010100001000100
0110111101100100
0000000000101001
0110101110001101
0110000010000001
0110000101000111
0110000110000000
0100001001110010
0110000101000111
0110000101000111
0100001101011111
0110000101000111
0111000000001100
0001000010000100
0110010011000010
0000000001101111
0100011111011011
0100100001000101
1000000000000000
0100011110101001
0000001110101000
0001000010100000
0010100001000111
0110010101101100
0111011001100001
0010100101100101
0110101110001101
0110000100000011
0110101110001101
0110000100000011
0110101110001101
0111000100001111
0001000010110000
0110110011000101
0110000101100101
0110010101110110
0100011111011011
0100100001011100
0111000000001100
0001000011000110
0010100001000110
0110111101101100
0111000001101111
0000000000101001
0110101110001101
0110101110001101
0100000101101011
0110101110001101
0100001010000000
0100000100110100
0010100001111010
0110000101000111
0110000101000111
0110110000000000
0110000101000111
0111000000001100
0110000101000111
0110101000000000
0110000101000111
0100001101011111
0110000101000111
0111000000001100
0001000011010100
0010100001001000
0110111001110101
0110111101101100
0111000001101111
0000000000101001
0110101110001101
0110101110001101
0110000100000011
0110101110001101
0110000100000011
0110101110001101
0110000100000011
0110000101000111
0111000000001100
0001000100000010
0111010111000110
0110110001101110
0110111101101111
0000000001110000
0100011111011011
0100100010000110
0111000000001100
0001000100100000
0010100001000101
0110010000111111
0010100101101111
0100001010000000
0100000100110100
0010100010101000
0110101110001101
0110000010000001
0110000101000111
0110000110000000
0100001001110010
0110000101000111
0110000101000111
0100001101011111
0110000101000111
0111000000001100
0000001001111010
0111000000001100
0001000100110000
0011111111000011
0110111101100100
0100011111011011
0100100010011011
1000000000000000
0100011110101001
0000001110101000
0001000101010110
0110110011000100
0110111101101111
0000000001110000
0100011111011011
0100100001101110
0110000010000001
0100011110101001
0100011111011011
0100100010000110
0100001101100101
0100001110101000
1000000000000001
0110100100000011
0110000110000000
0110000000100011
0111000100001111
0001000101100110
0010100001000111
0110110000101011
0110111101101111
0010100101110000
0110101110001101
0110000110000000
0110101110001101
0110101110001101
0100001010000000
0100001010010111
0110000101000111
1000000000000010
0100011111101111
0110101110000001
0110001000000011
0110101110000001
0110010100000011
0100000100111001
0100000100111110
1000000000000011
0100011111101111
0110101110001101
0110010100000011
0100000100111001
0100000100111110
0110010000000011
0010100011100101
0110000101000111
0110001000000011
0110000101000111
0110110000000000
0110000101000111
0111000000001100
0110000101000111
0110000101000111
0110000100000011
0100001101011111
0110000101000111
0111000000001100
0001000110001000
0010101111000101
0110111101101100
0111000001101111
0100011111011011
0100100011001000
0110000010000001
0100011110101001
0100011111011011
0100100010000110
0100001101100101
0100001110101000
1000000000000001
0110100100000011
0110000110000000
0110000000100011
0111000100001111
0001000111011000
0010100001000011
0010100101101001
0110101110001101
0110101110001101
0100000101010011
0110000101000111
0110000101000111
0111000000001100
0001000111111010
0110100111000001
0100011111011011
0100100011111111
0111000000001100
0001001000001100
0111010111000101
0111010001101110
0110110001101001
0000011110111111
0001001000010110
0110000111000101
0110000101100111
0110111001101001
0000011111001001
0001001000100000
0110100111000010
0000000001100110
0100001110101000
1000000000000000
0000011110111111
0001001000101010
0111010011000100
0110010101101000
0000000001101110
0100001110101000
1000000000000001
0110100100000011
0110000110000001
0110110000000000
0110010000000011
0110000110000000
0110000000100011
0111000100001111
0001001000110110
0111001011000110
0111000001100101
0110000101100101
0000000001110100
0100011111001001
0000100100011110
0001001001010000
0111001111000100
0110100101101011
0000000001110000
0100001110101000
1000000000000000
0000011111001001
0001001001011110
0110000111000011
0111010001100110
0110000100000011
0100100100110010
0100100000101000
0111000110001100
0001001001101100
0110010111000100
0111001101101100
0000000001100101
0100100100110010
0110000110000000
0000100100011110
0001001001111010
0111011111000101
0110100101101000
0110010101101100
0100100100010111
0111000110001100
0001001010001000
0010100001000110
0110000101100011
0110010101110011
0000000000101001
0110101110001101
0110000110000000
0110000101000111
0110000101000111
0111000000001100
0001001010010100
0110001111000100
0111001101100001
0000000001100101
0100011111011011
0100100101001110
1000000000110000
0111000000001100
0001001010101000
0010100001000100
0110011001101111
0000000000101001
0110101110001101
0110101110000001
0110000110000000
0110000101000111
0111011100001111
0001001010111000
0110111111000010
0000000001100110
0100011111011011
0100100101011111
0000100100010111
0001001011001010
0110010111000101
0110010001101110
0110011001101111
0100100101000000
1000000000110001
0111000000001100
0001001011010110
0010100000001001
0110111001100101
0110001101100100
0111001101100001
0010100101100101
0110101110001101
0110101110001101
0110000100000011
0110000101000111
0111000000001100
0001001011100100
0110010111000111
0110010001101110
0110000101100011
0110010101110011
0110000010000001
1000000000110001
0110011100000011
0010100110001000
0110000100000011
0100100100011110
0000100110000001
1000000000110000
0100000100110100
0100011100000011
0110001000010011
0110010001100001
0110001100100000
0111001101100001
0010000001100101
0110111101100011
0111001101101110
0111001001110100
0110001101110101
0010111001110100
0100011111011011
0100100101110111
0111000000001100
0001001011111010
0010010011000010
0000000000100010
0100011111011011
0100010100110010
0000100000010100
0001001100110010
0010111011000010
0000000000100010
0100011111011011
0100010100111100
0000100000010100
0001001100111110
0011111000000101
0110111101100010
0111100101100100
0000001101011111
0001001101001010
0010100001000100
0110111101110100
0000000000101001
0110101110001101
0110000010000001
0100001101011111
0110000101000111
0110110000000000
0110000000100011
0111000100001111
0001001101010100
0111010011000010
0000000001101111
0100011111011011
0100100110101101
0100011110011011
0100100110101000
0000011110101001
0001001101101010
0010100001000101
0111010000101011
0010100101101111
0110101110001101
0110000010000001
0100001101011111
0110000101000111
0110110000000000
0000001110000100
0001001101111010
0010101111000011
0110111101110100
0100011111011011
0100100111000000
0100011110011011
0100100110101000
0000011110101001
0001001110001110
0110011100001011
0111010001100101
0110001100101101
0111001001110101
0110010101110010
0111010001101110
1011111010101000
0111110000001100
0001001110011110
0111001100001011
0111010001100101
0110001100101101
0111001001110101
0110010101110010
0111010001101110
1011111010101000
0110000000100011
0111000100001111
0001001110110000
0110010000001011
0110011001100101
0110111001101001
0111010001101001
0110111101101001
0111001101101110
1011111010010000
0110110000000000
0000100111011110
0001001111000100
0011111100000111
0110111001110101
0111000101101001
0110010101110101
0110000010000001
0100100111010101
0100011001000110
0010100111111011
0100010100111100
0010000000000111
0110010101110010
0110010101100100
0010000001100110
0110000110000001
0100010100110111
0111000100001111
0001001111011000
0011110000000101
0010110000100100
0011111001101110
0110000010000001
0100000110000100
0010101000010101
0100100111110000
0110000010000001
0100001110100000
0110001000000011
0100001110101111
1011111010101100
0110000000100011
0110000100000011
0110000010000001
1011111010101110
0110000000100011
0110000100000011
0100001101100101
0100100111010101
0110110000000000
0110000110000000
0110000000100011
0111000100001111
0110000100000011
0100010100110010
0110111000000100
0110110101100001
0000000001100101
0000011011110101
0001001111111010
0010010000000011
0110111000101100
1011111010111010
0000001111010000
0001010000111000
0010010000001000
0110111101100011
0111000001101101
0110110001101001
0000000001100101
0100011010010101
0100001001101011
0010101000110000
0110110000000000
1000000010000000
0110001100000011
0010101000101111
0000000101111000
0000101000110000
0000011110110101
0100010001110011
0010101000110011
0000011111111011
0000011011110101
0001010001000010
0110000110000110
0110111101100010
0111010001110010
0000000000100010
0100011111011011
0100011100000011
0000100000010100
0001010001101010
0011110000000111
0111011001101111
0111001001100101
0011111001110100
1011111010101110
0110110000000000
0100100111010101
0110000000100011
0111000100001111
0001010001111010
0110111100000101
0110010101110110
0111010001110010
1011111010111100
0000001111010000
0001010010001110
0110010100000100
0110100101111000
0000000001110100
0110101110001101
0111000100001111
0001010010011010
0011110011000011
0011111000111011
0100011111011011
0100101001010000
0100011100111100
0100101001001010
1000000000000000
0100001110101000
0110000000100011
0111000100001111
0001010010100110
0011101111000001
1011111010111110
0000001111010000
0001010010111100
0101110100000001
1001010001001100
1011111010001010
0110000000100011
0111000100001111
0001010011000100
0011101000000001
0100011000011001
0100101000011110
0000101001100011
0001010011010000
0110100100001001
0110110101101101
0110010001100101
0110000101101001
0110010101110100
1000000010000000
1011111010101110
0110110000000000
0110110000000000
0110010000000011
1011111010101110
0110110000000000
0110000000100011
0111000100001111
0001010011011010
0111010100000100
0110010101110011
0000000001110010
0100011000011001
0100101000011110
0100101001001010
0100011111011011
0100000111011001
0000011110101001
0001010011111000
0011110000001000
0111001001100011
0110000101100101
0110010101110100
0000000000111110
0100011000011001
0100101000011110
0100101001001010
1000001110011000
0000011110110101
0001010100001100
0110001100000110
0110010101110010
0111010001100001
0000000001100101
1011111011000000
0000001111010000
0001010100100010
0111011000001000
0111001001100001
0110000101101001
0110110001100010
0000000001100101
0100101010010101
1000000000000000
0000011110101001
0001010100110000
0010100001000111
0110111101100100
0111001101100101
0010100100111110
0110101110001101
1000000000000001
0110100100000011
0100001110101000
1000000000000001
0110100100000011
1011111010101110
0110110000000000
0100011000011111
0110000010000001
0100001101011111
1111111111111111
0110011000000000
0110010000000011
0100011110101001
0110000000100011
0110000100000011
0000011110101001
0001010101000010
0110001100001100
0110110101101111
0110100101110000
0110010101101100
0110111100101101
0110110001101110
0000000001111001
1000000001000000
1011111010101110
0110110000000000
0110110000000000
0110010000000011
1011111010101110
0110110000000000
0110000000100011
0111000100001111
0001010101110000
0110010010000101
0110010101101111
0011111001110011
0100011111011011
0100101010100101
0111000000001100
0001010110010010
0110001100000100
0110000101101000
0000000001110010
0100001101110000
0100011000010001
0100000101101011
0000000110000100
0001010110100000
0101101110000110
0110100001100011
0111001001100001
0000000001011101
0100101011010011
0000011111111011
0001010110110000
0110001100001000
0110111001101111
0111010001110011
0110111001100001
0000000001110100
0100101010010101
0100011110101001
0100101010100101
0111110000001100
0001010110111110
0110010000000101
0110011001100101
0111001001100101
0100101010010101
1000000000000000
0100011110101001
0100101010100101
0110110000000000
0100001001101011
1000000000000000
0110011100000011
0100011100000011
0111010100001101
0110100101101110
0110100101101110
0110100101110100
0110110001100001
0111101001101001
0110010001100101
0000000101111000
0001010111010010
0110100110000010
0000000001110011
0100011110011011
0100100110101000
0110000000100011
0111000100001111
0001010111111100
0010111000000011
0110010001101001
0100001001101011
0010101100001101
0100001110100000
1000000000011111
0110001100000011
0000010100001110
0100010100011110
0100010100111100
0111101100001000
0110111101101110
0110000101101110
0110010101101101
0000000001111101
0111000000001100
0001011000001010
0111011100001000
0111001001101111
0110110001100100
0111001101101001
0000000001110100
0100001110111110
0100001110101000
1000000000000000
0100011110101001
0110000010000001
1011111010101000
0100001101011111
0110000010000001
0110110000000000
0100011110101001
0110000000100011
0110000100000011
1000000000000000
0000011110101001
0001011000101100
0110111100000110
0110010001110010
0111001001100101
0000000001000000
0110000010000001
0110110000000000
0110000010000001
0010101100111000
0110000101000111
0100001101011111
0100101100101110
0110101110001101
0110000110000000
0000000101101011
0111000000001111
0001011001010100
0110011100001001
0111010001100101
0110111100101101
0110010001110010
0111001001100101
1011111010010000
0000101100101110
0001011001110100
0011111000000100
0110100101110111
0000000001100100
0000001101011111
0001011010000100
0010111000000100
0110100101110111
0000000001100100
0100010011110110
0110000010000001
0100101101000101
0100001101011111
0110110000000000
0100001001101011
0010101101010011
0100101100000111
0111000100001111
1000000000000000
0000010101001011
0001011010001110
0010000100000100
0110100101110111
0000000001100100
0100101101000101
0100001101011111
1011111010101110
0110110000000000
0110000110000000
0110000000100011
0111000100001111
0001011010101100
0111011000000100
0110001101101111
0000000001110011
0100010100011110
0100010100111100
0111011000000101
0110001101101111
0011101001110011
1011111010101000
0100001101011111
0110110000000000
0100001001101011
0010101101110010
0110000010000001
0100101101001010
0100101101000101
0000101101101011
0111000000001100
0001011011000010
0110111100000101
0110010001110010
0111001001100101
0100010100011110
0100010100111100
0111001100000111
0110000101100101
0110001101110010
0011101001101000
0100101100111111
0100001001101011
0010101110000100
0110000110000000
0100101101001010
0110101000000000
0000101101111110
0100010100011110
0100010100111100
0110010000000111
0110011001100101
0110111001101001
0011101001100101
0100100111010101
0000101101001010
0001011011101000
0111001100001001
0111010001100101
0110111100101101
0110010001110010
0111001001100101
0110000010000001
1000000000000000
0110011000000000
0110011100000011
0010101110011010
0110000100000011
1011111010100010
1000000000000001
1000000000001000
0110000110000001
0110111100000011
0100011100000011
0110111100010010
0110010101110110
0010000001110010
0110100101110011
0110010101111010
0110111100100000
0010000001100110
0111011000100011
0110001101101111
0000000001110011
1011111010010000
0110000110000000
0110000010000001
0010101110110101
0110000101000111
0110000110000000
0110000110000001
0110000000100011
0110000100000011
0100001101011111
0110101110001101
0110101000000000
0000101110101010
0110000110000000
0110000000100011
0111000100001111
0001011100011010
0110111100000100
0110110001101110
0000000001111001
1000000000000000
0110011000000000
0000101110010010
0001011101110010
0110000100000100
0111001101101100
0000000001101111
0100101100111111
0110000110000001
0110000110000000
0100000101101011
0000101110010010
0001011110000000
0111000000001000
0110010101110010
0110100101110110
0111010101101111
0000000001110011
0100101100111111
0110000110000000
0110000100000011
0110101000000000
0000101110010010
0001011110010010
0011111000000100
0110111101110110
0000000001100011
0100101010010101
0110000010000001
0100011110101001
0100101101011001
0100101010100101
0110110000000000
0110000101000111
0100101100111111
0110000110000000
0110000100000011
0110101110001101
0110000110000000
0000101110010010
0001011110101000
0111011100000101
0110010001101001
0110011001101111
0100011110011011
0100100110101000
0111110000001100
0001011111001010
0111011000001010
0110001101101111
0110001001100001
0110110001110101
0111001001100001
0000000001111001
0100101100011011
0000101111010111
0001011111011000
0101111100000101
0111100101110100
0110010101110000
0110000101000111
0000101111111101
0100001110100000
0100001101110110
0100010011011100
0110101110000001
0010110000000011
0110101110001101
0110101000000000
0110000101000111
0000101111111010
0110101110001101
0110000100000011
0111000100001111
0001011111101010
0110010000000011
0010101101101101
0110000110000001
1000000000000100
0100010101001011
0100010011110110
0110000101000111
0000110000010010
0100001110100000
1000000000000011
0100010101001011
0110101110000001
0010110000011000
0110101110001101
0110101000000000
0110000101000111
0000110000001111
0110101110001101
0111000100001111
0001100000001110
0110010000000100
0110110101110101
0000000001110000
1011111010000000
0110110000000000
0110000101000111
0100010001000110
1000000000010000
0100001100011001
0110000101000111
0100010100011110
1000000000010000
0100001010000000
0100110000001001
0100000101011001
1000000000000010
0100010011111101
0100101111111000
0110101110000001
0010110000110011
0110101110001101
0110101000000000
0110000101000111
0000110000100101
0110101110001101
0110000100000011
0110000100000011
0110101110001101
1011111010000000
0110000000100011
0111000100001111
0001100000110110
0010111000000010
0000000001110011
0100010100011110
0100000101110000
0110101000000000
1000000000001111
0110001100000011
0110000101000111
0110101110000001
0100011111101111
0100010101011110
0110101110000001
0010110001001100
0110101110001101
0110101000000000
0110000101000111
0000110001000011
0110101110001101
0110000100000011
0100010100111100
0011110000000100
0110111101110100
0000000001110011
0111000000001100
0001100001110110
0010100000000111
0110111000111110
0110110101100001
0010100101100101
0110110000000000
0100001001101011
0010110001100010
0100001010000000
0100011000011111
0110010100000011
0010110001100001
0100001101100101
0000110001011000
0111000000001111
0110000100000011
1000000000000000
0111000000001100
0001100010101000
0011111000000101
0110000101101110
0110010101101101
0110000101000111
0100101100111111
0100001001101011
0010110010000101
0110000110000000
0110101110000001
0110000110000000
0100110001011000
0100001001101011
0010110010000011
0110000101000111
0110101000000000
0110000101000111
0000110001111000
0110000100000011
0110101110000001
0010110001111110
0110101110001101
0110101000000000
0110000101000111
0000110001110111
0110101110001101
0110000100000011
0110101110001101
0110101110001101
0111000100001111
0110101000000000
0000110001101011
0110101110001101
0110000100000011
1000000000000000
0111000000001100
0001100011001100
0111001100000011
0110010101100101
0100011110011011
0100010100011110
0110000010000001
0110110000000000
0100001001101011
1111000000001100
0110010100000011
0010110010100101
1011111111111111
0110001100000011
1000000000000001
0110110100000011
0100110001101001
0100001001101011
0010110010011110
0100010011110110
0100101100000111
0000110010100011
0110000010000001
0110110000000000
1111111111111111
0110001100000011
0100010101010111
0100001101011111
0000110010001110
0000001001111010
0001100100010100
0010100000000111
0110111101110111
0110010001110010
0010100101110011
0100010100011110
0110110000000000
0100001001101011
0010110010110100
0110000010000001
0100101100000111
0100010011110110
0100001101100101
0000110010101100
0111000000001100
0001100101001110
0111011100000101
0111001001101111
0111001101100100
0100101100111111
0100001001101011
0010110011000111
0110000110000000
0100010100011110
0100010100011110
0100010100111100
0011101000000001
0110000010000001
0100101101001010
0100010100011110
0100110010101011
0110101000000000
0000110010111010
0111000000001100
0001100101101100
0111011000000011
0111001001100101
1000000000000001
1000000100000000
0100001100111101
1000000000000100
0111001000001111
0001100110010010
0110100000000010
0000000001101001
0100010100011110
0100010100111100
0110010100001011
0110111101100110
0111010001110010
0010000001101000
0011000101101010
0111011000100000
1011111010000000
0110110000000000
0100010001000110
0100110011001011
0100010000001000
0100010000011010
0100010000011010
1000000000101110
0100010000010000
0100010000011010
0100010000110010
0100010100001110
1011111010000000
0110000000100011
0110000100000011
0000010100011110
0001100110100010
0110001100000100
0110110001101111
0000000001100100
1000000000000010
1011111010000000
1000000001000010
0100010101101011
0100011110000011
1011111010100010
0110000010000001
1011111010010000
0110000000100011
0110000100000011
0110000010000001
1011111010101000
0100001110001101
0100101001001010
1100000000000000
0100001101011111
0110000010000001
0100001101100101
0110110000000000
0100011101011101
1011111010110100
0100001111010000
0100011110001100
0000110011101111